default
true
0
Polygon -7500403 true true 150 5 40 250 150 205 260 250

bird
false
0
Polygon -7500403 true true 135 165 90 270 120 300 180 300 210 270 165 165
Rectangle -7500403 true true 120 105 180 237
Polygon -7500403 true true 135 105 120 75 105 45 121 6 167 8 207 25 257 46 180 75 165 105
Circle -16777216 true false 128 21 42
Polygon -7500403 true true 163 116 194 92 212 86 230 86 250 90 265 98 279 111 290 126 296 143 298 158 298 166 296 183 286 204 272 219 259 227 235 240 241 223 250 207 251 192 245 180 232 168 216 162 200 162 186 166 175 173 171 180
Polygon -7500403 true true 137 116 106 92 88 86 70 86 50 90 35 98 21 111 10 126 4 143 2 158 2 166 4 183 14 204 28 219 41 227 65 240 59 223 50 207 49 192 55 180 68 168 84 162 100 162 114 166 125 173 129 180

bug
true
0
Circle -7500403 true true 96 182 108
Circle -7500403 true true 110 127 80
Circle -7500403 true true 110 75 80
Line -7500403 true 150 100 80 30
Line -7500403 true 150 100 220 30

butterfly
true
0
Polygon -7500403 true true 150 165 209 199 225 225 225 255 195 270 165 255 150 240
Polygon -7500403 true true 150 165 89 198 75 225 75 255 105 270 135 255 150 240
Polygon -7500403 true true 139 148 100 105 55 90 25 90 10 105 10 135 25 180 40 195 85 194 139 163
Polygon -7500403 true true 162 150 200 105 245 90 275 90 290 105 290 135 275 180 260 195 215 195 162 165
Polygon -16777216 true false 150 255 135 225 120 150 135 120 150 105 165 120 180 150 165 225
Circle -16777216 true false 135 90 30
Line -16777216 false 150 105 195 60
Line -16777216 false 150 105 105 60

cow
false
0
Polygon -7500403 true true 200 193 197 249 179 249 177 196 166 187 140 189 93 191 78 179 72 211 49 209 48 181 37 149 25 120 25 89 45 72 103 84 179 75 198 76 252 64 272 81 293 103 285 121 255 121 242 118 224 167
Polygon -7500403 true true 73 210 86 251 62 249 48 208
Polygon -7500403 true true 25 114 16 195 9 204 23 213 25 200 39 123

fish
false
0
Polygon -1 true false 44 131 21 87 15 86 0 120 15 150 0 180 13 214 20 212 45 166
Polygon -1 true false 135 195 119 235 95 218 76 210 46 204 60 165
Polygon -1 true false 75 45 83 77 71 103 86 114 166 78 135 60
Polygon -7500403 true true 30 136 151 77 226 81 280 119 292 146 292 160 287 170 270 195 195 210 151 212 30 166
Circle -16777216 true false 215 106 30

frog top
true
0
Polygon -7500403 true true 146 18 135 30 119 42 105 90 90 150 105 195 135 225 165 225 195 195 210 150 195 90 180 41 165 30 155 18
Polygon -7500403 true true 91 176 67 148 70 121 66 119 61 133 59 111 53 111 52 131 47 115 42 120 46 146 55 187 80 237 106 269 116 268 114 214 131 222
Polygon -7500403 true true 185 62 234 84 223 51 226 48 234 61 235 38 240 38 243 60 252 46 255 49 244 95 188 92
Polygon -7500403 true true 115 62 66 84 77 51 74 48 66 61 65 38 60 38 57 60 48 46 45 49 56 95 112 92
Polygon -7500403 true true 200 186 233 148 230 121 234 119 239 133 241 111 247 111 248 131 253 115 258 120 254 146 245 187 220 237 194 269 184 268 186 214 169 222
Circle -16777216 true false 157 38 18
Circle -16777216 true false 125 38 18

person
false
0
Circle -7500403 true true 110 5 80
Polygon -7500403 true true 105 90 120 195 90 285 105 300 135 300 150 225 165 300 195 300 210 285 180 195 195 90
Rectangle -7500403 true true 127 79 172 94
Polygon -7500403 true true 195 90 240 150 225 180 165 105
Polygon -7500403 true true 105 90 60 150 75 180 135 105

sheep
false
0
Rectangle -7500403 true true 151 225 180 285
Rectangle -7500403 true true 47 225 75 285
Rectangle -7500403 true true 15 75 210 225
Circle -7500403 true true 135 75 150
Circle -16777216 true false 165 76 116

squirrel
false
0
Polygon -7500403 true true 87 267 106 290 145 292 157 288 175 292 209 292 207 281 190 276 174 277 156 271 154 261 157 245 151 230 156 221 171 209 214 165 231 171 239 171 263 154 281 137 294 136 297 126 295 119 279 117 241 145 242 128 262 132 282 124 288 108 269 88 247 73 226 72 213 76 208 88 190 112 151 107 119 117 84 139 61 175 57 210 65 231 79 253 65 243 46 187 49 157 82 109 115 93 146 83 202 49 231 13 181 12 142 6 95 30 50 39 12 96 0 162 23 250 68 275
Polygon -16777216 true false 237 85 249 84 255 92 246 95
Line -16777216 false 221 82 213 93
Line -16777216 false 253 119 266 124
Line -16777216 false 278 110 278 116
Line -16777216 false 149 229 135 211
Line -16777216 false 134 211 115 207
Line -16777216 false 117 207 106 211
Line -16777216 false 91 268 131 290
Line -16777216 false 220 82 213 79
Line -16777216 false 286 126 294 128
Line -16777216 false 193 284 206 285

turtle
true
0
Polygon -10899396 true false 215 204 240 233 246 254 228 266 215 252 193 210
Polygon -10899396 true false 195 90 225 75 245 75 260 89 269 108 261 124 240 105 225 105 210 105
Polygon -10899396 true false 105 90 75 75 55 75 40 89 31 108 39 124 60 105 75 105 90 105
Polygon -10899396 true false 132 85 134 64 107 51 108 17 150 2 192 18 192 52 169 65 172 87
Polygon -10899396 true false 85 204 60 233 54 254 72 266 85 252 107 210
Polygon -7500403 true true 119 75 179 75 209 101 224 135 220 225 175 261 128 261 81 224 74 135 88 99

rabbit
false
0
Polygon -7500403 true true 61 150 76 180 91 195 103 214 91 240 76 255 61 270 76 270 106 255 132 209 151 210 181 210 211 240 196 255 181 255 166 247 151 255 166 270 211 270 241 255 240 210 270 225 285 165 256 135 226 105 166 90 91 105
Polygon -7500403 true true 75 164 94 104 70 82 45 89 19 104 4 149 19 164 37 162 59 153
Polygon -7500403 true true 64 98 96 87 138 26 130 15 97 36 54 86
Polygon -7500403 true true 49 89 57 47 78 4 89 20 70 88
Circle -16777216 true false 37 103 16
Line -16777216 false 44 150 104 150
Line -16777216 false 39 158 84 175
Line -16777216 false 29 159 57 195
Polygon -5825686 true false 0 150 15 165 15 150
Polygon -5825686 true false 76 90 97 47 130 32
Line -16777216 false 180 210 165 180
Line -16777216 false 165 180 180 165
Line -16777216 false 180 165 225 165
Line -16777216 false 180 210 210 240

sheep 2
false
0
Polygon -7500403 true true 209 183 194 198 179 198 164 183 164 174 149 183 89 183 74 168 59 198 44 198 29 185 43 151 28 121 44 91 59 80 89 80 164 95 194 80 254 65 269 80 284 125 269 140 239 125 224 153 209 168
Rectangle -7500403 true true 180 195 195 225
Rectangle -7500403 true true 45 195 60 225
Rectangle -16777216 true false 180 225 195 240
Rectangle -16777216 true false 45 225 60 240
Polygon -7500403 true true 245 60 250 72 240 78 225 63 230 51
Polygon -7500403 true true 25 72 40 80 42 98 22 91
Line -16777216 false 270 137 251 122
Line -16777216 false 266 90 254 90

wolf
false
0
Polygon -7500403 true true 75 225 97 249 112 252 122 252 114 242 102 241 89 224 94 181 64 113 46 119 31 150 32 164 61 204 57 242 85 266 91 271 101 271 96 257 89 257 70 242
Polygon -7500403 true true 216 73 219 56 229 42 237 66 226 71
Polygon -7500403 true true 181 106 213 69 226 62 257 70 260 89 285 110 272 124 234 116 218 134 209 150 204 163 192 178 169 185 154 189 129 189 89 180 69 166 63 113 124 110 160 111 170 104
Polygon -6459832 true true 252 143 242 141
Polygon -6459832 true true 254 136 232 137
Line -16777216 false 75 224 89 179
Line -16777216 false 80 159 89 179
Polygon -6459832 true true 262 138 234 149
Polygon -7500403 true true 50 121 36 119 24 123 14 128 6 143 8 165 8 181 7 197 4 233 23 201 28 184 30 169 28 153 48 145
Polygon -7500403 true true 171 181 178 263 187 277 197 273 202 267 187 260 186 236 194 167
Polygon -7500403 true true 187 163 195 240 214 260 222 256 222 248 212 245 205 230 205 155
Polygon -7500403 true true 223 75 226 58 245 44 244 68 233 73
Line -16777216 false 89 181 112 185
Line -16777216 false 31 150 47 118
Polygon -16777216 true false 235 90 250 91 255 99 248 98 244 92
Line -16777216 false 236 112 246 119
Polygon -16777216 true false 278 119 282 116 274 113
Line -16777216 false 189 201 203 161
Line -16777216 false 90 262 94 272
Line -16777216 false 110 246 119 252
Line -16777216 false 190 266 194 274
Line -16777216 false 218 251 219 257
Polygon -16777216 true false 230 67 228 54 222 62 224 72
Line -16777216 false 246 67 234 64
Line -16777216 false 229 45 235 68
Line -16777216 false 30 150 30 165

square
false
0
Rectangle -7500403 true true 30 30 270 270

triangle
false
0
Polygon -7500403 true true 150 30 15 255 285 255
